+---------+---------------+----------+
12:13:28,132,034   ETHER
|0   |00|30|de|53|c9|10|fc|5c|ee|84|c3|d1|08|00|45|00|00|3c|c4|d7|40|00|80|06|00|00|c0|a8|01|d2|c0|a8|01|11|06|66|19|e2|23|93|fe|30|d7|50|9f|2e|50|18|00|ff|84|62|00|00|88|12|1a|24|01|00|01|00|00|00|00|00|00|00|00|00|02|00|06|01|

+---------+---------------+----------+
12:13:28,132,894   ETHER
|0   |fc|5c|ee|84|c3|d1|00|30|de|53|c9|10|08|00|45|00|00|28|87|44|40|00|40|06|2f|58|c0|a8|01|11|c0|a8|01|d2|19|e2|06|66|d7|50|9f|2e|23|93|fe|44|50|10|07|d7|6b|2a|00|00|00|00|00|00|00|00|

+---------+---------------+----------+
12:13:28,141,359   ETHER
|0   |fc|5c|ee|84|c3|d1|00|30|de|53|c9|10|08|00|45|00|00|4e|87|45|40|00|40|06|2f|31|c0|a8|01|11|c0|a8|01|d2|19|e2|06|66|d7|50|9f|2e|23|93|fe|44|50|18|07|d7|ab|44|00|00|88|12|1a|24|01|00|01|00|00|00|00|00|00|00|00|00|14|00|06|01|00|00|01|00|00|80|00|00|00|00|00|00|00|00|00|00|00|00|

+---------+---------------+----------+
12:13:28,193,636   ETHER
|0   |00|30|de|53|c9|10|fc|5c|ee|84|c3|d1|08|00|45|00|00|28|c4|d8|40|00|80|06|00|00|c0|a8|01|d2|c0|a8|01|11|06|66|19|e2|23|93|fe|44|d7|50|9f|54|50|10|00|ff|84|4e|00|00|

+---------+---------------+----------+
12:13:28,200,192   ETHER
|0   |00|30|de|53|c9|10|fc|5c|ee|84|c3|d1|08|00|45|00|00|84|c4|d9|40|00|80|06|00|00|c0|a8|01|d2|c0|a8|01|11|4a|6d|2d|dc|41|3a|d3|49|1f|5b|2c|9e|50|18|00|fd|84|aa|00|00|00|01|17|e8|5c|00|00|00|c5|6b|40|40|00|43|2d|dc|c0|a8|01|11|00|00|ac|16|80|01|03|d2|01|81|f0|15|c3|85|03|00|88|55|01|00|2c|00|00|00|51|67|8d|06|55|cd|10|00|02|00|14|00|86|0c|a3|8d|18|00|00|00|00|00|00|00|81|01|94|00|11|84|80|00|32|4b|be|62|18|84|80|00|01|00|01|00|19|02|01|00|

+---------+---------------+----------+
12:13:28,203,129   ETHER
|0   |fc|5c|ee|84|c3|d1|00|30|de|53|c9|10|08|00|45|00|00|8c|d6|3b|40|00|40|06|df|fc|c0|a8|01|11|c0|a8|01|d2|2d|dc|4a|6d|1f|5b|2c|9e|41|3a|d3|a5|50|18|43|30|e8|27|00|00|00|01|17|e8|64|00|00|00|c5|73|40|40|00|34|4a|6d|c0|a8|01|d2|03|d2|2d|dc|7f|00|00|01|01|01|f0|15|89|55|01|00|c3|85|03|00|34|00|00|00|54|bd|5b|dc|55|cd|10|00|82|00|14|00|86|0c|a3|8d|20|00|00|00|00|00|00|00|82|01|94|00|13|0a|00|00|01|00|00|00|11|00|00|00|1b|84|80|00|ef|46|02|00|32|84|80|00|01|00|00|00|

+---------+---------------+----------+
12:13:28,209,096   ETHER
|0   |00|30|de|53|c9|10|fc|5c|ee|84|c3|d1|08|00|45|00|02|2c|c4|da|40|00|80|06|00|00|c0|a8|01|d2|c0|a8|01|11|4a|6d|2d|dc|41|3a|d3|a5|1f|5b|2d|02|50|18|00|fd|86|52|00|00|00|01|17|e8|04|02|00|00|c5|6b|40|40|00|43|2d|dc|c0|a8|01|11|00|00|ac|16|80|01|03|d2|01|81|f0|15|c4|85|03|00|89|55|01|00|20|06|00|00|05|0c|ff|54|55|cd|10|00|1b|00|01|00|86|0c|a3|8d|0c|06|00|00|00|00|00|00|01|94|80|00|32|4b|be|62|99|66|94|92|00|00|00|00|00|00|00|00|00|00|00|00|81|01|f0|0b|82|01|a4|00|01|02|01|00|02|84|80|00|04|00|00|00|03|84|80|00|04|00|00|00|04|02|07|00|05|88|80|00|03|68|ab|0d|00|06|00|00|82|01|a4|00|01|02|02|00|02|84|80|00|04|00|00|00|03|84|80|00|04|00|00|00|04|02|07|00|05|88|80|00|03|fc|d3|0c|00|06|00|00|82|01|a4|00|01|02|03|00|02|84|80|00|04|00|00|00|03|84|80|00|04|00|00|00|04|02|07|00|05|88|80|00|03|14|d4|0c|00|06|00|00|82|01|a4|00|01|02|04|00|02|84|80|00|04|00|00|00|03|84|80|00|04|00|00|00|04|02|07|00|05|88|80|00|03|2c|d4|0c|00|06|00|00|82|01|a4|00|01|02|05|00|02|84|80|00|04|00|00|00|03|84|80|00|04|00|00|00|04|02|07|00|05|88|80|00|03|44|d4|0c|00|06|00|00|82|01|a4|00|01|02|06|00|02|84|80|00|04|00|00|00|03|84|80|00|04|00|00|00|04|02|07|00|05|88|80|00|03|5c|d4|0c|00|06|00|00|82|01|a4|00|01|02|07|00|02|84|80|00|04|00|00|00|03|84|80|00|04|00|00|00|04|02|07|00|05|88|80|00|03|74|d4|0c|00|06|00|00|82|01|a4|00|01|02|08|00|02|84|80|00|04|00|00|00|03|84|80|00|04|00|00|00|04|02|07|00|05|88|80|00|03|8c|d4|0c|00|06|00|00|82|01|a4|00|01|02|09|00|02|84|80|00|04|00|00|00|03|84|80|00|04|00|00|00|04|02|07|00|05|88|80|00|03|a4|d4|0c|00|06|00|00|82|01|a4|00|01|02|0a|00|02|84|80|00|04|00|00|00|03|84|80|00|04|00|00|00|04|02|07|00|05|88|80|00|03|bc|d4|0c|00|06|00|00|82|01|a4|00|01|02|0b|00|02|84|80|00|02|00|00|00|03|84|80|00|

+---------+---------------+----------+
12:13:28,209,131   ETHER
|0   |00|30|de|53|c9|10|fc|5c|ee|84|c3|d1|08|00|45|00|02|2c|c4|db|40|00|80|06|00|00|c0|a8|01|d2|c0|a8|01|11|4a|6d|2d|dc|41|3a|d5|a9|1f|5b|2d|02|50|18|00|fd|86|52|00|00|00|01|17|e8|04|02|00|00|c5|6b|40|40|00|43|2d|dc|c0|a8|01|11|00|00|ac|16|80|01|03|d2|01|80|f0|15|c5|85|03|00|89|55|01|00|03|00|00|00|04|02|07|00|05|88|80|00|03|c0|d6|0c|00|06|00|00|82|01|a4|00|01|02|0c|00|02|84|80|00|02|00|00|00|03|84|80|00|03|00|00|00|04|02|07|00|05|88|80|00|03|5c|d6|0c|00|06|00|00|82|01|a4|00|01|02|0d|00|02|84|80|00|02|00|00|00|03|84|80|00|03|00|00|00|04|02|07|00|05|88|80|00|03|24|d7|0c|00|06|00|00|82|01|a4|00|01|02|0e|00|02|84|80|00|01|00|00|00|03|84|80|00|00|00|00|00|04|02|07|00|05|88|80|00|03|ef|75|05|00|06|00|00|82|01|a4|00|01|02|0f|00|02|84|80|00|04|00|00|00|03|84|80|00|04|00|00|00|04|02|07|00|05|88|80|00|03|e0|ff|01|00|06|02|00|82|01|a4|00|01|02|10|00|02|84|80|00|04|00|00|00|03|84|80|00|04|00|00|00|04|02|07|00|05|88|80|00|03|e4|ff|01|00|06|02|00|82|01|a4|00|01|02|11|00|02|84|80|00|04|00|00|00|03|84|80|00|0e|00|00|00|04|02|07|00|05|88|80|00|03|50|a8|0d|00|06|00|00|82|01|a4|00|01|02|12|00|02|84|80|00|04|00|00|00|03|84|80|00|0e|00|00|00|04|02|07|00|05|88|80|00|03|34|a7|0d|00|06|00|00|82|01|a4|00|01|02|13|00|02|84|80|00|04|00|00|00|03|84|80|00|0e|00|00|00|04|02|07|00|05|88|80|00|03|18|aa|0d|00|06|00|00|82|01|a4|00|01|02|14|00|02|84|80|00|04|00|00|00|03|84|80|00|0e|00|00|00|04|02|05|00|05|88|80|00|02|90|03|06|02|00|00|00|82|01|a4|00|01|02|15|00|02|84|80|00|04|00|00|00|03|84|80|00|0e|00|00|00|04|02|07|00|05|88|80|00|03|60|a8|0d|00|06|00|00|82|01|a4|00|01|02|16|00|02|84|80|00|04|00|00|00|03|84|80|00|0e|00|00|00|04|02|07|00|05|88|80|00|03|40|a7|0d|00|06|00|00|82|01|a4|00|01|02|17|00|02|84|80|00|04|00|00|00|

+---------+---------------+----------+
12:13:28,209,147   ETHER
|0   |00|30|de|53|c9|10|fc|5c|ee|84|c3|d1|08|00|45|00|02|2c|c4|dc|40|00|80|06|00|00|c0|a8|01|d2|c0|a8|01|11|4a|6d|2d|dc|41|3a|d7|ad|1f|5b|2d|02|50|18|00|fd|86|52|00|00|00|01|17|e8|04|02|00|00|c5|6b|40|40|00|43|2d|dc|c0|a8|01|11|00|00|ac|16|80|01|03|d2|01|80|f0|15|c6|85|03|00|89|55|01|00|03|84|80|00|0e|00|00|00|04|02|07|00|05|88|80|00|03|24|da|05|00|06|00|00|82|01|a4|00|01|02|18|00|02|84|80|00|04|00|00|00|03|84|80|00|0e|00|00|00|04|02|05|00|05|88|80|00|02|b0|03|06|02|00|00|00|82|01|a4|00|01|02|19|00|02|84|80|00|01|00|00|00|03|84|80|00|0a|00|00|00|04|02|07|00|05|88|80|00|03|a7|a8|0d|00|06|00|00|82|01|a4|00|01|02|1a|00|02|84|80|00|02|00|00|00|03|84|80|00|03|00|00|00|04|02|07|00|05|88|80|00|03|a2|a8|0d|00|06|00|00|82|01|a4|00|01|02|1b|00|02|84|80|00|02|00|00|00|03|84|80|00|0b|00|00|00|04|02|07|00|05|88|80|00|03|80|e2|05|00|06|00|00|82|01|a4|00|01|02|1c|00|02|84|80|00|02|00|00|00|03|84|80|00|0b|00|00|00|04|02|07|00|05|88|80|00|03|82|e2|05|00|06|00|00|82|01|a4|00|01|02|1d|00|02|84|80|00|01|00|00|00|03|84|80|00|0a|00|00|00|04|02|07|00|05|88|80|00|03|28|da|05|00|06|00|00|82|01|a4|00|01|02|1e|00|02|84|80|00|04|00|00|00|03|84|80|00|0e|00|00|00|04|02|07|00|05|88|80|00|03|64|da|05|00|06|00|00|82|01|a4|00|01|02|1f|00|02|84|80|00|04|00|00|00|03|84|80|00|0e|00|00|00|04|02|07|00|05|88|80|00|03|78|a8|0d|00|06|00|00|82|01|a4|00|01|02|20|00|02|84|80|00|04|00|00|00|03|84|80|00|0e|00|00|00|04|02|07|00|05|88|80|00|03|e8|a6|0d|00|06|00|00|82|01|a4|00|01|02|21|00|02|84|80|00|04|00|00|00|03|84|80|00|0e|00|00|00|04|02|07|00|05|88|80|00|03|80|dc|05|00|06|00|00|82|01|a4|00|01|02|22|00|02|84|80|00|04|00|00|00|03|84|80|00|0e|00|00|00|04|02|07|00|05|88|80|00|03|40|dc|05|00|06|00|00|82|01|a4|00|01|02|23|00|02|84|80|00|

+---------+---------------+----------+
12:13:28,209,161   ETHER
|0   |00|30|de|53|c9|10|fc|5c|ee|84|c3|d1|08|00|45|00|00|e4|c4|dd|40|00|80|06|00|00|c0|a8|01|d2|c0|a8|01|11|4a|6d|2d|dc|41|3a|d9|b1|1f|5b|2d|02|50|18|00|fd|85|0a|00|00|00|01|17|e8|bc|00|00|00|c5|6b|40|40|00|43|2d|dc|c0|a8|01|11|00|00|ac|16|80|01|03|d2|01|80|f0|15|c7|85|03|00|89|55|01|00|04|00|00|00|03|84|80|00|0e|00|00|00|04|02|05|00|05|88|80|00|02|60|02|06|02|00|00|00|82|01|a4|00|01|02|24|00|02|84|80|00|01|00|00|00|03|84|80|00|0a|00|00|00|04|02|07|00|05|88|80|00|03|6e|a8|0d|00|06|00|00|82|01|a4|00|01|02|25|00|02|84|80|00|02|00|00|00|03|84|80|00|03|00|00|00|04|02|07|00|05|88|80|00|03|68|a8|0d|00|06|00|00|82|01|a4|00|01|02|26|00|02|84|80|00|01|00|00|00|03|84|80|00|0a|00|00|00|04|02|07|00|05|88|80|00|03|44|dc|05|00|06|00|00|

+---------+---------------+----------+
12:13:28,210,481   ETHER
|0   |fc|5c|ee|84|c3|d1|00|30|de|53|c9|10|08|00|45|00|00|28|d6|3c|40|00|40|06|e0|5f|c0|a8|01|11|c0|a8|01|d2|2d|dc|4a|6d|1f|5b|2d|02|41|3a|d7|ad|50|10|43|30|0a|e2|00|00|00|00|00|00|00|00|

+---------+---------------+----------+
12:13:28,210,681   ETHER
|0   |fc|5c|ee|84|c3|d1|00|30|de|53|c9|10|08|00|45|00|00|28|d6|3d|40|00|40|06|e0|5e|c0|a8|01|11|c0|a8|01|d2|2d|dc|4a|6d|1f|5b|2d|02|41|3a|da|6d|50|10|43|30|08|22|00|00|00|00|00|00|00|00|

+---------+---------------+----------+
12:13:28,211,422   ETHER
|0   |fc|5c|ee|84|c3|d1|00|30|de|53|c9|10|08|00|45|00|00|4c|d6|3e|40|00|40|06|e0|39|c0|a8|01|11|c0|a8|01|d2|2d|dc|4a|6d|1f|5b|2d|02|41|3a|da|6d|50|18|43|30|4d|f1|00|00|00|01|17|e8|24|00|00|00|c5|73|40|40|00|34|4a|6d|c0|a8|01|d2|03|d2|2d|dc|7f|00|00|01|02|00|f0|15|c5|85|03|00|

+---------+---------------+----------+
12:13:28,214,912   ETHER
|0   |fc|5c|ee|84|c3|d1|00|30|de|53|c9|10|08|00|45|00|01|d0|d6|3f|40|00|40|06|de|b4|c0|a8|01|11|c0|a8|01|d2|2d|dc|4a|6d|1f|5b|2d|26|41|3a|da|6d|50|18|43|30|fd|b1|00|00|00|01|17|e8|a8|01|00|00|c5|73|40|40|00|34|4a|6d|c0|a8|01|d2|03|d2|2d|dc|7f|00|00|01|01|01|f0|15|8a|55|01|00|c7|85|03|00|78|01|00|00|0a|1d|49|53|55|cd|10|00|9b|00|01|00|86|0c|a3|8d|64|01|00|00|00|00|00|00|40|e0|82|00|01|00|04|00|00|00|00|00|00|00|02|00|04|00|00|00|f1|00|00|00|03|00|04|00|00|00|f1|00|00|00|04|00|04|00|00|00|f1|00|00|00|05|00|04|00|00|00|f1|00|00|00|06|00|04|00|00|00|f1|00|00|00|07|00|04|00|00|00|f1|00|00|00|08|00|04|00|00|00|f1|00|00|00|09|00|04|00|00|00|f1|00|00|00|0a|00|04|00|00|00|f1|00|00|00|0b|00|02|00|00|00|41|20|0c|00|02|00|00|00|41|20|0d|00|02|00|00|00|41|20|0e|00|01|00|00|00|01|0f|00|04|00|00|00|d0|07|00|00|10|00|04|00|00|00|c8|00|00|00|11|00|04|00|00|00|00|00|00|00|12|00|04|00|00|00|00|00|00|00|13|00|04|00|00|00|00|00|00|00|14|00|04|00|00|00|00|00|00|00|15|00|04|00|00|00|5c|8f|cc|c1|16|00|04|00|00|00|5c|8f|cc|c1|17|00|04|00|00|00|93|97|cc|c1|18|00|04|00|00|00|00|00|00|00|19|00|01|00|00|00|00|1a|00|02|00|00|00|40|1f|1b|00|02|00|00|00|00|00|1c|00|02|00|00|00|f0|7f|1d|00|01|00|00|00|00|1e|00|04|00|00|00|5c|8f|cc|c1|1f|00|04|00|00|00|00|00|00|00|20|00|04|00|00|00|00|00|00|00|21|00|04|00|00|00|00|00|00|00|22|00|04|00|00|00|00|00|00|00|23|00|04|00|00|00|00|00|00|00|24|00|01|00|00|00|00|25|00|02|00|00|00|00|00|26|00|01|00|00|00|00|00|

+---------+---------------+----------+
12:13:28,214,964   ETHER
|0   |00|30|de|53|c9|10|fc|5c|ee|84|c3|d1|08|00|45|00|00|28|c4|de|40|00|80|06|00|00|c0|a8|01|d2|c0|a8|01|11|4a|6d|2d|dc|41|3a|da|6d|1f|5b|2e|ce|50|10|00|fb|84|4e|00|00|

+---------+---------------+----------+
12:13:28,318,949   ETHER
|0   |01|00|5e|00|00|fb|fc|5c|ee|84|c3|d1|08|00|45|00|00|70|dd|d6|00|00|01|11|00|00|c0|a8|01|d2|e0|00|00|fb|14|e9|14|e9|00|5c|a3|e3|00|00|00|00|00|04|00|00|00|00|00|00|0b|5f|67|6f|6f|67|6c|65|63|61|73|74|04|5f|74|63|70|05|6c|6f|63|61|6c|00|00|0c|00|01|08|5f|61|69|72|70|6c|61|79|c0|18|00|0c|00|01|09|5f|66|61|73|74|63|61|73|74|c0|18|00|0c|00|01|06|5f|66|63|61|73|74|c0|18|00|0c|00|01|

+---------+---------------+----------+
12:13:28,320,290   ETHER
|0   |01|00|5e|00|00|fb|fc|5c|ee|84|c3|d1|08|00|45|00|00|70|dd|d7|00|00|01|11|00|00|c0|a8|01|d2|e0|00|00|fb|14|e9|14|e9|00|5c|a3|e3|00|00|00|00|00|04|00|00|00|00|00|00|0b|5f|67|6f|6f|67|6c|65|63|61|73|74|04|5f|74|63|70|05|6c|6f|63|61|6c|00|00|0c|00|01|08|5f|61|69|72|70|6c|61|79|c0|18|00|0c|00|01|09|5f|66|61|73|74|63|61|73|74|c0|18|00|0c|00|01|06|5f|66|63|61|73|74|c0|18|00|0c|00|01|

+---------+---------------+----------+
12:13:28,416,878   ETHER
|0   |00|30|de|53|c9|10|fc|5c|ee|84|c3|d1|08|00|45|00|00|4c|c4|df|40|00|80|06|00|00|c0|a8|01|d2|c0|a8|01|11|4a|6d|2d|dc|41|3a|da|6d|1f|5b|2e|ce|50|18|00|fb|84|72|00|00|00|01|17|e8|24|00|00|00|c5|6b|40|40|00|43|2d|dc|c0|a8|01|11|00|00|ac|16|80|01|03|d2|02|80|f0|15|8a|55|01|00|

+---------+---------------+----------+
12:13:28,428,906   ETHER
|0   |00|30|de|53|c9|10|fc|5c|ee|84|c3|d1|08|00|45|00|00|84|c4|e0|40|00|80|06|00|00|c0|a8|01|d2|c0|a8|01|11|4a|6d|2d|dc|41|3a|da|91|1f|5b|2e|ce|50|18|00|fb|84|aa|00|00|00|01|17|e8|5c|00|00|00|c5|6b|40|40|00|43|2d|dc|c0|a8|01|11|00|00|ac|16|80|01|03|d2|01|81|f0|15|c8|85|03|00|8a|55|01|00|2c|00|00|00|51|67|8d|06|55|cd|10|00|02|00|14|00|86|0c|a3|8d|18|00|00|00|00|00|00|00|81|01|94|00|11|84|80|00|32|4b|be|62|18|84|80|00|01|00|01|00|19|02|01|00|

+---------+---------------+----------+
12:13:28,430,220   ETHER
|0   |fc|5c|ee|84|c3|d1|00|30|de|53|c9|10|08|00|45|00|00|28|d6|40|40|00|40|06|e0|5b|c0|a8|01|11|c0|a8|01|d2|2d|dc|4a|6d|1f|5b|2e|ce|41|3a|da|ed|50|10|43|30|05|d6|00|00|00|00|00|00|00|00|

+---------+---------------+----------+
12:13:28,432,144   ETHER
|0   |fc|5c|ee|84|c3|d1|00|30|de|53|c9|10|08|00|45|00|00|8c|d6|41|40|00|40|06|df|f6|c0|a8|01|11|c0|a8|01|d2|2d|dc|4a|6d|1f|5b|2e|ce|41|3a|da|ed|50|18|43|30|d7|af|00|00|00|01|17|e8|64|00|00|00|c5|73|40|40|00|34|4a|6d|c0|a8|01|d2|03|d2|2d|dc|7f|00|00|01|01|01|f0|15|8b|55|01|00|c8|85|03|00|34|00|00|00|54|bd|5b|dc|55|cd|10|00|82|00|14|00|86|0c|a3|8d|20|00|00|00|00|00|00|00|82|01|94|00|13|0a|00|00|01|00|00|00|11|00|00|00|1b|84|80|00|ef|46|02|00|32|84|80|00|01|00|00|00|

+---------+---------------+----------+
12:13:28,438,702   ETHER
|0   |00|30|de|53|c9|10|fc|5c|ee|84|c3|d1|08|00|45|00|02|2c|c4|e1|40|00|80|06|00|00|c0|a8|01|d2|c0|a8|01|11|4a|6d|2d|dc|41|3a|da|ed|1f|5b|2f|32|50|18|00|fb|86|52|00|00|00|01|17|e8|04|02|00|00|c5|6b|40|40|00|43|2d|dc|c0|a8|01|11|00|00|ac|16|80|01|03|d2|01|81|f0|15|c9|85|03|00|8b|55|01|00|20|06|00|00|05|0c|ff|54|55|cd|10|00|1b|00|01|00|86|0c|a3|8d|0c|06|00|00|00|00|00|00|01|94|80|00|32|4b|be|62|99|66|94|92|00|00|00|00|00|00|00|00|00|00|00|00|81|01|f0|0b|82|01|a4|00|01|02|01|00|02|84|80|00|04|00|00|00|03|84|80|00|04|00|00|00|04|02|07|00|05|88|80|00|03|68|ab|0d|00|06|00|00|82|01|a4|00|01|02|02|00|02|84|80|00|04|00|00|00|03|84|80|00|04|00|00|00|04|02|07|00|05|88|80|00|03|fc|d3|0c|00|06|00|00|82|01|a4|00|01|02|03|00|02|84|80|00|04|00|00|00|03|84|80|00|04|00|00|00|04|02|07|00|05|88|80|00|03|14|d4|0c|00|06|00|00|82|01|a4|00|01|02|04|00|02|84|80|00|04|00|00|00|03|84|80|00|04|00|00|00|04|02|07|00|05|88|80|00|03|2c|d4|0c|00|06|00|00|82|01|a4|00|01|02|05|00|02|84|80|00|04|00|00|00|03|84|80|00|04|00|00|00|04|02|07|00|05|88|80|00|03|44|d4|0c|00|06|00|00|82|01|a4|00|01|02|06|00|02|84|80|00|04|00|00|00|03|84|80|00|04|00|00|00|04|02|07|00|05|88|80|00|03|5c|d4|0c|00|06|00|00|82|01|a4|00|01|02|07|00|02|84|80|00|04|00|00|00|03|84|80|00|04|00|00|00|04|02|07|00|05|88|80|00|03|74|d4|0c|00|06|00|00|82|01|a4|00|01|02|08|00|02|84|80|00|04|00|00|00|03|84|80|00|04|00|00|00|04|02|07|00|05|88|80|00|03|8c|d4|0c|00|06|00|00|82|01|a4|00|01|02|09|00|02|84|80|00|04|00|00|00|03|84|80|00|04|00|00|00|04|02|07|00|05|88|80|00|03|a4|d4|0c|00|06|00|00|82|01|a4|00|01|02|0a|00|02|84|80|00|04|00|00|00|03|84|80|00|04|00|00|00|04|02|07|00|05|88|80|00|03|bc|d4|0c|00|06|00|00|82|01|a4|00|01|02|0b|00|02|84|80|00|02|00|00|00|03|84|80|00|

+---------+---------------+----------+
12:13:28,438,733   ETHER
|0   |00|30|de|53|c9|10|fc|5c|ee|84|c3|d1|08|00|45|00|02|2c|c4|e2|40|00|80|06|00|00|c0|a8|01|d2|c0|a8|01|11|4a|6d|2d|dc|41|3a|dc|f1|1f|5b|2f|32|50|18|00|fb|86|52|00|00|00|01|17|e8|04|02|00|00|c5|6b|40|40|00|43|2d|dc|c0|a8|01|11|00|00|ac|16|80|01|03|d2|01|80|f0|15|ca|85|03|00|8b|55|01|00|03|00|00|00|04|02|07|00|05|88|80|00|03|c0|d6|0c|00|06|00|00|82|01|a4|00|01|02|0c|00|02|84|80|00|02|00|00|00|03|84|80|00|03|00|00|00|04|02|07|00|05|88|80|00|03|5c|d6|0c|00|06|00|00|82|01|a4|00|01|02|0d|00|02|84|80|00|02|00|00|00|03|84|80|00|03|00|00|00|04|02|07|00|05|88|80|00|03|24|d7|0c|00|06|00|00|82|01|a4|00|01|02|0e|00|02|84|80|00|01|00|00|00|03|84|80|00|00|00|00|00|04|02|07|00|05|88|80|00|03|ef|75|05|00|06|00|00|82|01|a4|00|01|02|0f|00|02|84|80|00|04|00|00|00|03|84|80|00|04|00|00|00|04|02|07|00|05|88|80|00|03|e0|ff|01|00|06|02|00|82|01|a4|00|01|02|10|00|02|84|80|00|04|00|00|00|03|84|80|00|04|00|00|00|04|02|07|00|05|88|80|00|03|e4|ff|01|00|06|02|00|82|01|a4|00|01|02|11|00|02|84|80|00|04|00|00|00|03|84|80|00|0e|00|00|00|04|02|07|00|05|88|80|00|03|50|a8|0d|00|06|00|00|82|01|a4|00|01|02|12|00|02|84|80|00|04|00|00|00|03|84|80|00|0e|00|00|00|04|02|07|00|05|88|80|00|03|34|a7|0d|00|06|00|00|82|01|a4|00|01|02|13|00|02|84|80|00|04|00|00|00|03|84|80|00|0e|00|00|00|04|02|07|00|05|88|80|00|03|18|aa|0d|00|06|00|00|82|01|a4|00|01|02|14|00|02|84|80|00|04|00|00|00|03|84|80|00|0e|00|00|00|04|02|05|00|05|88|80|00|02|90|03|06|02|00|00|00|82|01|a4|00|01|02|15|00|02|84|80|00|04|00|00|00|03|84|80|00|0e|00|00|00|04|02|07|00|05|88|80|00|03|60|a8|0d|00|06|00|00|82|01|a4|00|01|02|16|00|02|84|80|00|04|00|00|00|03|84|80|00|0e|00|00|00|04|02|07|00|05|88|80|00|03|40|a7|0d|00|06|00|00|82|01|a4|00|01|02|17|00|02|84|80|00|04|00|00|00|

+---------+---------------+----------+
12:13:28,438,797   ETHER
|0   |00|30|de|53|c9|10|fc|5c|ee|84|c3|d1|08|00|45|00|02|2c|c4|e3|40|00|80|06|00|00|c0|a8|01|d2|c0|a8|01|11|4a|6d|2d|dc|41|3a|de|f5|1f|5b|2f|32|50|18|00|fb|86|52|00|00|00|01|17|e8|04|02|00|00|c5|6b|40|40|00|43|2d|dc|c0|a8|01|11|00|00|ac|16|80|01|03|d2|01|80|f0|15|cb|85|03|00|8b|55|01|00|03|84|80|00|0e|00|00|00|04|02|07|00|05|88|80|00|03|24|da|05|00|06|00|00|82|01|a4|00|01|02|18|00|02|84|80|00|04|00|00|00|03|84|80|00|0e|00|00|00|04|02|05|00|05|88|80|00|02|b0|03|06|02|00|00|00|82|01|a4|00|01|02|19|00|02|84|80|00|01|00|00|00|03|84|80|00|0a|00|00|00|04|02|07|00|05|88|80|00|03|a7|a8|0d|00|06|00|00|82|01|a4|00|01|02|1a|00|02|84|80|00|02|00|00|00|03|84|80|00|03|00|00|00|04|02|07|00|05|88|80|00|03|a2|a8|0d|00|06|00|00|82|01|a4|00|01|02|1b|00|02|84|80|00|02|00|00|00|03|84|80|00|0b|00|00|00|04|02|07|00|05|88|80|00|03|80|e2|05|00|06|00|00|82|01|a4|00|01|02|1c|00|02|84|80|00|02|00|00|00|03|84|80|00|0b|00|00|00|04|02|07|00|05|88|80|00|03|82|e2|05|00|06|00|00|82|01|a4|00|01|02|1d|00|02|84|80|00|01|00|00|00|03|84|80|00|0a|00|00|00|04|02|07|00|05|88|80|00|03|28|da|05|00|06|00|00|82|01|a4|00|01|02|1e|00|02|84|80|00|04|00|00|00|03|84|80|00|0e|00|00|00|04|02|07|00|05|88|80|00|03|64|da|05|00|06|00|00|82|01|a4|00|01|02|1f|00|02|84|80|00|04|00|00|00|03|84|80|00|0e|00|00|00|04|02|07|00|05|88|80|00|03|78|a8|0d|00|06|00|00|82|01|a4|00|01|02|20|00|02|84|80|00|04|00|00|00|03|84|80|00|0e|00|00|00|04|02|07|00|05|88|80|00|03|e8|a6|0d|00|06|00|00|82|01|a4|00|01|02|21|00|02|84|80|00|04|00|00|00|03|84|80|00|0e|00|00|00|04|02|07|00|05|88|80|00|03|80|dc|05|00|06|00|00|82|01|a4|00|01|02|22|00|02|84|80|00|04|00|00|00|03|84|80|00|0e|00|00|00|04|02|07|00|05|88|80|00|03|40|dc|05|00|06|00|00|82|01|a4|00|01|02|23|00|02|84|80|00|

+---------+---------------+----------+
12:13:28,438,821   ETHER
|0   |00|30|de|53|c9|10|fc|5c|ee|84|c3|d1|08|00|45|00|00|e4|c4|e4|40|00|80|06|00|00|c0|a8|01|d2|c0|a8|01|11|4a|6d|2d|dc|41|3a|e0|f9|1f|5b|2f|32|50|18|00|fb|85|0a|00|00|00|01|17|e8|bc|00|00|00|c5|6b|40|40|00|43|2d|dc|c0|a8|01|11|00|00|ac|16|80|01|03|d2|01|80|f0|15|cc|85|03|00|8b|55|01|00|04|00|00|00|03|84|80|00|0e|00|00|00|04|02|05|00|05|88|80|00|02|60|02|06|02|00|00|00|82|01|a4|00|01|02|24|00|02|84|80|00|01|00|00|00|03|84|80|00|0a|00|00|00|04|02|07|00|05|88|80|00|03|6e|a8|0d|00|06|00|00|82|01|a4|00|01|02|25|00|02|84|80|00|02|00|00|00|03|84|80|00|03|00|00|00|04|02|07|00|05|88|80|00|03|68|a8|0d|00|06|00|00|82|01|a4|00|01|02|26|00|02|84|80|00|01|00|00|00|03|84|80|00|0a|00|00|00|04|02|07|00|05|88|80|00|03|44|dc|05|00|06|00|00|

+---------+---------------+----------+
12:13:28,439,783   ETHER
|0   |fc|5c|ee|84|c3|d1|00|30|de|53|c9|10|08|00|45|00|00|28|d6|42|40|00|40|06|e0|59|c0|a8|01|11|c0|a8|01|d2|2d|dc|4a|6d|1f|5b|2f|32|41|3a|de|f5|50|10|43|30|01|6a|00|00|00|00|00|00|00|00|

+---------+---------------+----------+
12:13:28,439,988   ETHER
|0   |fc|5c|ee|84|c3|d1|00|30|de|53|c9|10|08|00|45|00|00|28|d6|43|40|00|40|06|e0|58|c0|a8|01|11|c0|a8|01|d2|2d|dc|4a|6d|1f|5b|2f|32|41|3a|e1|b5|50|10|43|30|fe|a9|00|00|00|00|00|00|00|00|

+---------+---------------+----------+
12:13:28,441,069   ETHER
|0   |fc|5c|ee|84|c3|d1|00|30|de|53|c9|10|08|00|45|00|00|4c|d6|44|40|00|40|06|e0|33|c0|a8|01|11|c0|a8|01|d2|2d|dc|4a|6d|1f|5b|2f|32|41|3a|e1|b5|50|18|43|30|3f|79|00|00|00|01|17|e8|24|00|00|00|c5|73|40|40|00|34|4a|6d|c0|a8|01|d2|03|d2|2d|dc|7f|00|00|01|02|00|f0|15|ca|85|03|00|

+---------+---------------+----------+
12:13:28,444,099   ETHER
|0   |fc|5c|ee|84|c3|d1|00|30|de|53|c9|10|08|00|45|00|00|4c|d6|45|40|00|40|06|e0|32|c0|a8|01|11|c0|a8|01|d2|2d|dc|4a|6d|1f|5b|2f|56|41|3a|e1|b5|50|18|43|30|3d|55|00|00|00|01|17|e8|24|00|00|00|c5|73|40|40|00|34|4a|6d|c0|a8|01|d2|03|d2|2d|dc|7f|00|00|01|02|00|f0|15|cc|85|03|00|

+---------+---------------+----------+
12:13:28,444,134   ETHER
|0   |00|30|de|53|c9|10|fc|5c|ee|84|c3|d1|08|00|45|00|00|28|c4|e5|40|00|80|06|00|00|c0|a8|01|d2|c0|a8|01|11|4a|6d|2d|dc|41|3a|e1|b5|1f|5b|2f|7a|50|10|00|fa|84|4e|00|00|

+---------+---------------+----------+
12:13:28,447,092   ETHER
|0   |fc|5c|ee|84|c3|d1|00|30|de|53|c9|10|08|00|45|00|01|d0|d6|46|40|00|40|06|de|ad|c0|a8|01|11|c0|a8|01|d2|2d|dc|4a|6d|1f|5b|2f|7a|41|3a|e1|b5|50|18|43|30|ed|15|00|00|00|01|17|e8|a8|01|00|00|c5|73|40|40|00|34|4a|6d|c0|a8|01|d2|03|d2|2d|dc|7f|00|00|01|01|01|f0|15|8c|55|01|00|cc|85|03|00|78|01|00|00|0a|1d|49|53|55|cd|10|00|9b|00|01|00|86|0c|a3|8d|64|01|00|00|00|00|00|00|40|e0|82|00|01|00|04|00|00|00|00|00|00|00|02|00|04|00|00|00|f1|00|00|00|03|00|04|00|00|00|f1|00|00|00|04|00|04|00|00|00|f1|00|00|00|05|00|04|00|00|00|f1|00|00|00|06|00|04|00|00|00|f1|00|00|00|07|00|04|00|00|00|f1|00|00|00|08|00|04|00|00|00|f1|00|00|00|09|00|04|00|00|00|f1|00|00|00|0a|00|04|00|00|00|f1|00|00|00|0b|00|02|00|00|00|41|20|0c|00|02|00|00|00|41|20|0d|00|02|00|00|00|41|20|0e|00|01|00|00|00|01|0f|00|04|00|00|00|d0|07|00|00|10|00|04|00|00|00|c8|00|00|00|11|00|04|00|00|00|00|00|00|00|12|00|04|00|00|00|00|00|00|00|13|00|04|00|00|00|00|00|00|00|14|00|04|00|00|00|00|00|00|00|15|00|04|00|00|00|5c|8f|cc|c1|16|00|04|00|00|00|5c|8f|cc|c1|17|00|04|00|00|00|93|97|cc|c1|18|00|04|00|00|00|00|00|00|00|19|00|01|00|00|00|00|1a|00|02|00|00|00|40|1f|1b|00|02|00|00|00|00|00|1c|00|02|00|00|00|f0|7f|1d|00|01|00|00|00|00|1e|00|04|00|00|00|5c|8f|cc|c1|1f|00|04|00|00|00|00|00|00|00|20|00|04|00|00|00|00|00|00|00|21|00|04|00|00|00|00|00|00|00|22|00|04|00|00|00|00|00|00|00|23|00|04|00|00|00|00|00|00|00|24|00|01|00|00|00|00|25|00|02|00|00|00|00|00|26|00|01|00|00|00|00|00|

+---------+---------------+----------+
12:13:28,500,879   ETHER
|0   |00|30|de|53|c9|10|fc|5c|ee|84|c3|d1|08|00|45|00|00|28|c4|e6|40|00|80|06|00|00|c0|a8|01|d2|c0|a8|01|11|4a|6d|2d|dc|41|3a|e1|b5|1f|5b|31|22|50|10|00|ff|84|4e|00|00|

+---------+---------------+----------+
12:13:28,640,891   ETHER
|0   |00|30|de|53|c9|10|fc|5c|ee|84|c3|d1|08|00|45|00|00|84|c4|e7|40|00|80|06|00|00|c0|a8|01|d2|c0|a8|01|11|4a|6d|2d|dc|41|3a|e1|b5|1f|5b|31|22|50|18|00|ff|84|aa|00|00|00|01|17|e8|5c|00|00|00|c5|6b|40|40|00|43|2d|dc|c0|a8|01|11|00|00|ac|16|80|01|03|d2|01|81|f0|15|cd|85|03|00|8c|55|01|00|2c|00|00|00|51|67|8d|06|55|cd|10|00|02|00|14|00|86|0c|a3|8d|18|00|00|00|00|00|00|00|81|01|94|00|11|84|80|00|32|4b|be|62|18|84|80|00|01|00|01|00|19|02|01|00|

+---------+---------------+----------+
12:13:28,643,512   ETHER
|0   |fc|5c|ee|84|c3|d1|00|30|de|53|c9|10|08|00|45|00|00|8c|d6|47|40|00|40|06|df|f0|c0|a8|01|11|c0|a8|01|d2|2d|dc|4a|6d|1f|5b|31|22|41|3a|e2|11|50|18|43|30|c7|37|00|00|00|01|17|e8|64|00|00|00|c5|73|40|40|00|34|4a|6d|c0|a8|01|d2|03|d2|2d|dc|7f|00|00|01|01|01|f0|15|8d|55|01|00|cd|85|03|00|34|00|00|00|54|bd|5b|dc|55|cd|10|00|82|00|14|00|86|0c|a3|8d|20|00|00|00|00|00|00|00|82|01|94|00|13|0a|00|00|01|00|00|00|11|00|00|00|1b|84|80|00|ef|46|02|00|32|84|80|00|01|00|00|00|

+---------+---------------+----------+
12:13:28,645,709   ETHER
|0   |00|30|de|53|c9|10|fc|5c|ee|84|c3|d1|08|00|45|00|02|2c|c4|e8|40|00|80|06|00|00|c0|a8|01|d2|c0|a8|01|11|4a|6d|2d|dc|41|3a|e2|11|1f|5b|31|86|50|18|00|ff|86|52|00|00|00|01|17|e8|04|02|00|00|c5|6b|40|40|00|43|2d|dc|c0|a8|01|11|00|00|ac|16|80|01|03|d2|01|81|f0|15|ce|85|03|00|8d|55|01|00|20|06|00|00|05|0c|ff|54|55|cd|10|00|1b|00|01|00|86|0c|a3|8d|0c|06|00|00|00|00|00|00|01|94|80|00|32|4b|be|62|99|66|94|92|00|00|00|00|00|00|00|00|00|00|00|00|81|01|f0|0b|82|01|a4|00|01|02|01|00|02|84|80|00|04|00|00|00|03|84|80|00|04|00|00|00|04|02|07|00|05|88|80|00|03|68|ab|0d|00|06|00|00|82|01|a4|00|01|02|02|00|02|84|80|00|04|00|00|00|03|84|80|00|04|00|00|00|04|02|07|00|05|88|80|00|03|fc|d3|0c|00|06|00|00|82|01|a4|00|01|02|03|00|02|84|80|00|04|00|00|00|03|84|80|00|04|00|00|00|04|02|07|00|05|88|80|00|03|14|d4|0c|00|06|00|00|82|01|a4|00|01|02|04|00|02|84|80|00|04|00|00|00|03|84|80|00|04|00|00|00|04|02|07|00|05|88|80|00|03|2c|d4|0c|00|06|00|00|82|01|a4|00|01|02|05|00|02|84|80|00|04|00|00|00|03|84|80|00|04|00|00|00|04|02|07|00|05|88|80|00|03|44|d4|0c|00|06|00|00|82|01|a4|00|01|02|06|00|02|84|80|00|04|00|00|00|03|84|80|00|04|00|00|00|04|02|07|00|05|88|80|00|03|5c|d4|0c|00|06|00|00|82|01|a4|00|01|02|07|00|02|84|80|00|04|00|00|00|03|84|80|00|04|00|00|00|04|02|07|00|05|88|80|00|03|74|d4|0c|00|06|00|00|82|01|a4|00|01|02|08|00|02|84|80|00|04|00|00|00|03|84|80|00|04|00|00|00|04|02|07|00|05|88|80|00|03|8c|d4|0c|00|06|00|00|82|01|a4|00|01|02|09|00|02|84|80|00|04|00|00|00|03|84|80|00|04|00|00|00|04|02|07|00|05|88|80|00|03|a4|d4|0c|00|06|00|00|82|01|a4|00|01|02|0a|00|02|84|80|00|04|00|00|00|03|84|80|00|04|00|00|00|04|02|07|00|05|88|80|00|03|bc|d4|0c|00|06|00|00|82|01|a4|00|01|02|0b|00|02|84|80|00|02|00|00|00|03|84|80|00|

+---------+---------------+----------+
12:13:28,645,726   ETHER
|0   |00|30|de|53|c9|10|fc|5c|ee|84|c3|d1|08|00|45|00|02|2c|c4|e9|40|00|80|06|00|00|c0|a8|01|d2|c0|a8|01|11|4a|6d|2d|dc|41|3a|e4|15|1f|5b|31|86|50|18|00|ff|86|52|00|00|00|01|17|e8|04|02|00|00|c5|6b|40|40|00|43|2d|dc|c0|a8|01|11|00|00|ac|16|80|01|03|d2|01|80|f0|15|cf|85|03|00|8d|55|01|00|03|00|00|00|04|02|07|00|05|88|80|00|03|c0|d6|0c|00|06|00|00|82|01|a4|00|01|02|0c|00|02|84|80|00|02|00|00|00|03|84|80|00|03|00|00|00|04|02|07|00|05|88|80|00|03|5c|d6|0c|00|06|00|00|82|01|a4|00|01|02|0d|00|02|84|80|00|02|00|00|00|03|84|80|00|03|00|00|00|04|02|07|00|05|88|80|00|03|24|d7|0c|00|06|00|00|82|01|a4|00|01|02|0e|00|02|84|80|00|01|00|00|00|03|84|80|00|00|00|00|00|04|02|07|00|05|88|80|00|03|ef|75|05|00|06|00|00|82|01|a4|00|01|02|0f|00|02|84|80|00|04|00|00|00|03|84|80|00|04|00|00|00|04|02|07|00|05|88|80|00|03|e0|ff|01|00|06|02|00|82|01|a4|00|01|02|10|00|02|84|80|00|04|00|00|00|03|84|80|00|04|00|00|00|04|02|07|00|05|88|80|00|03|e4|ff|01|00|06|02|00|82|01|a4|00|01|02|11|00|02|84|80|00|04|00|00|00|03|84|80|00|0e|00|00|00|04|02|07|00|05|88|80|00|03|50|a8|0d|00|06|00|00|82|01|a4|00|01|02|12|00|02|84|80|00|04|00|00|00|03|84|80|00|0e|00|00|00|04|02|07|00|05|88|80|00|03|34|a7|0d|00|06|00|00|82|01|a4|00|01|02|13|00|02|84|80|00|04|00|00|00|03|84|80|00|0e|00|00|00|04|02|07|00|05|88|80|00|03|18|aa|0d|00|06|00|00|82|01|a4|00|01|02|14|00|02|84|80|00|04|00|00|00|03|84|80|00|0e|00|00|00|04|02|05|00|05|88|80|00|02|90|03|06|02|00|00|00|82|01|a4|00|01|02|15|00|02|84|80|00|04|00|00|00|03|84|80|00|0e|00|00|00|04|02|07|00|05|88|80|00|03|60|a8|0d|00|06|00|00|82|01|a4|00|01|02|16|00|02|84|80|00|04|00|00|00|03|84|80|00|0e|00|00|00|04|02|07|00|05|88|80|00|03|40|a7|0d|00|06|00|00|82|01|a4|00|01|02|17|00|02|84|80|00|04|00|00|00|

+---------+---------------+----------+
12:13:28,645,734   ETHER
|0   |00|30|de|53|c9|10|fc|5c|ee|84|c3|d1|08|00|45|00|02|2c|c4|ea|40|00|80|06|00|00|c0|a8|01|d2|c0|a8|01|11|4a|6d|2d|dc|41|3a|e6|19|1f|5b|31|86|50|18|00|ff|86|52|00|00|00|01|17|e8|04|02|00|00|c5|6b|40|40|00|43|2d|dc|c0|a8|01|11|00|00|ac|16|80|01|03|d2|01|80|f0|15|d0|85|03|00|8d|55|01|00|03|84|80|00|0e|00|00|00|04|02|07|00|05|88|80|00|03|24|da|05|00|06|00|00|82|01|a4|00|01|02|18|00|02|84|80|00|04|00|00|00|03|84|80|00|0e|00|00|00|04|02|05|00|05|88|80|00|02|b0|03|06|02|00|00|00|82|01|a4|00|01|02|19|00|02|84|80|00|01|00|00|00|03|84|80|00|0a|00|00|00|04|02|07|00|05|88|80|00|03|a7|a8|0d|00|06|00|00|82|01|a4|00|01|02|1a|00|02|84|80|00|02|00|00|00|03|84|80|00|03|00|00|00|04|02|07|00|05|88|80|00|03|a2|a8|0d|00|06|00|00|82|01|a4|00|01|02|1b|00|02|84|80|00|02|00|00|00|03|84|80|00|0b|00|00|00|04|02|07|00|05|88|80|00|03|80|e2|05|00|06|00|00|82|01|a4|00|01|02|1c|00|02|84|80|00|02|00|00|00|03|84|80|00|0b|00|00|00|04|02|07|00|05|88|80|00|03|82|e2|05|00|06|00|00|82|01|a4|00|01|02|1d|00|02|84|80|00|01|00|00|00|03|84|80|00|0a|00|00|00|04|02|07|00|05|88|80|00|03|28|da|05|00|06|00|00|82|01|a4|00|01|02|1e|00|02|84|80|00|04|00|00|00|03|84|80|00|0e|00|00|00|04|02|07|00|05|88|80|00|03|64|da|05|00|06|00|00|82|01|a4|00|01|02|1f|00|02|84|80|00|04|00|00|00|03|84|80|00|0e|00|00|00|04|02|07|00|05|88|80|00|03|78|a8|0d|00|06|00|00|82|01|a4|00|01|02|20|00|02|84|80|00|04|00|00|00|03|84|80|00|0e|00|00|00|04|02|07|00|05|88|80|00|03|e8|a6|0d|00|06|00|00|82|01|a4|00|01|02|21|00|02|84|80|00|04|00|00|00|03|84|80|00|0e|00|00|00|04|02|07|00|05|88|80|00|03|80|dc|05|00|06|00|00|82|01|a4|00|01|02|22|00|02|84|80|00|04|00|00|00|03|84|80|00|0e|00|00|00|04|02|07|00|05|88|80|00|03|40|dc|05|00|06|00|00|82|01|a4|00|01|02|23|00|02|84|80|00|

+---------+---------------+----------+
12:13:28,645,744   ETHER
|0   |00|30|de|53|c9|10|fc|5c|ee|84|c3|d1|08|00|45|00|00|e4|c4|eb|40|00|80|06|00|00|c0|a8|01|d2|c0|a8|01|11|4a|6d|2d|dc|41|3a|e8|1d|1f|5b|31|86|50|18|00|ff|85|0a|00|00|00|01|17|e8|bc|00|00|00|c5|6b|40|40|00|43|2d|dc|c0|a8|01|11|00|00|ac|16|80|01|03|d2|01|80|f0|15|d1|85|03|00|8d|55|01|00|04|00|00|00|03|84|80|00|0e|00|00|00|04|02|05|00|05|88|80|00|02|60|02|06|02|00|00|00|82|01|a4|00|01|02|24|00|02|84|80|00|01|00|00|00|03|84|80|00|0a|00|00|00|04|02|07|00|05|88|80|00|03|6e|a8|0d|00|06|00|00|82|01|a4|00|01|02|25|00|02|84|80|00|02|00|00|00|03|84|80|00|03|00|00|00|04|02|07|00|05|88|80|00|03|68|a8|0d|00|06|00|00|82|01|a4|00|01|02|26|00|02|84|80|00|01|00|00|00|03|84|80|00|0a|00|00|00|04|02|07|00|05|88|80|00|03|44|dc|05|00|06|00|00|

+---------+---------------+----------+
12:13:28,646,712   ETHER
|0   |fc|5c|ee|84|c3|d1|00|30|de|53|c9|10|08|00|45|00|00|28|d6|48|40|00|40|06|e0|53|c0|a8|01|11|c0|a8|01|d2|2d|dc|4a|6d|1f|5b|31|86|41|3a|e6|19|50|10|43|30|f7|f1|00|00|00|00|00|00|00|00|

+---------+---------------+----------+
12:13:28,646,832   ETHER
|0   |fc|5c|ee|84|c3|d1|00|30|de|53|c9|10|08|00|45|00|00|28|d6|49|40|00|40|06|e0|52|c0|a8|01|11|c0|a8|01|d2|2d|dc|4a|6d|1f|5b|31|86|41|3a|e8|d9|50|10|43|30|f5|31|00|00|00|00|00|00|00|00|

+---------+---------------+----------+
12:13:28,647,408   ETHER
|0   |fc|5c|ee|84|c3|d1|00|30|de|53|c9|10|08|00|45|00|00|4c|d6|4a|40|00|40|06|e0|2d|c0|a8|01|11|c0|a8|01|d2|2d|dc|4a|6d|1f|5b|31|86|41|3a|e8|d9|50|18|43|30|31|01|00|00|00|01|17|e8|24|00|00|00|c5|73|40|40|00|34|4a|6d|c0|a8|01|d2|03|d2|2d|dc|7f|00|00|01|02|00|f0|15|cf|85|03|00|

+---------+---------------+----------+
12:13:28,650,280   ETHER
|0   |fc|5c|ee|84|c3|d1|00|30|de|53|c9|10|08|00|45|00|00|4c|d6|4b|40|00|40|06|e0|2c|c0|a8|01|11|c0|a8|01|d2|2d|dc|4a|6d|1f|5b|31|aa|41|3a|e8|d9|50|18|43|30|2e|dd|00|00|00|01|17|e8|24|00|00|00|c5|73|40|40|00|34|4a|6d|c0|a8|01|d2|03|d2|2d|dc|7f|00|00|01|02|00|f0|15|d1|85|03|00|

+---------+---------------+----------+
12:13:28,650,298   ETHER
|0   |00|30|de|53|c9|10|fc|5c|ee|84|c3|d1|08|00|45|00|00|28|c4|ec|40|00|80|06|00|00|c0|a8|01|d2|c0|a8|01|11|4a|6d|2d|dc|41|3a|e8|d9|1f|5b|31|ce|50|10|00|ff|84|4e|00|00|

+---------+---------------+----------+
12:13:28,653,385   ETHER
|0   |fc|5c|ee|84|c3|d1|00|30|de|53|c9|10|08|00|45|00|01|d0|d6|4c|40|00|40|06|de|a7|c0|a8|01|11|c0|a8|01|d2|2d|dc|4a|6d|1f|5b|31|ce|41|3a|e8|d9|50|18|43|30|dc|9d|00|00|00|01|17|e8|a8|01|00|00|c5|73|40|40|00|34|4a|6d|c0|a8|01|d2|03|d2|2d|dc|7f|00|00|01|01|01|f0|15|8e|55|01|00|d1|85|03|00|78|01|00|00|0a|1d|49|53|55|cd|10|00|9b|00|01|00|86|0c|a3|8d|64|01|00|00|00|00|00|00|40|e0|82|00|01|00|04|00|00|00|00|00|00|00|02|00|04|00|00|00|f1|00|00|00|03|00|04|00|00|00|f1|00|00|00|04|00|04|00|00|00|f1|00|00|00|05|00|04|00|00|00|f1|00|00|00|06|00|04|00|00|00|f1|00|00|00|07|00|04|00|00|00|f1|00|00|00|08|00|04|00|00|00|f1|00|00|00|09|00|04|00|00|00|f1|00|00|00|0a|00|04|00|00|00|f1|00|00|00|0b|00|02|00|00|00|41|20|0c|00|02|00|00|00|41|20|0d|00|02|00|00|00|41|20|0e|00|01|00|00|00|01|0f|00|04|00|00|00|d0|07|00|00|10|00|04|00|00|00|c8|00|00|00|11|00|04|00|00|00|00|00|00|00|12|00|04|00|00|00|00|00|00|00|13|00|04|00|00|00|00|00|00|00|14|00|04|00|00|00|00|00|00|00|15|00|04|00|00|00|5c|8f|cc|c1|16|00|04|00|00|00|5c|8f|cc|c1|17|00|04|00|00|00|93|97|cc|c1|18|00|04|00|00|00|00|00|00|00|19|00|01|00|00|00|00|1a|00|02|00|00|00|40|1f|1b|00|02|00|00|00|00|00|1c|00|02|00|00|00|f0|7f|1d|00|01|00|00|00|00|1e|00|04|00|00|00|5c|8f|cc|c1|1f|00|04|00|00|00|00|00|00|00|20|00|04|00|00|00|00|00|00|00|21|00|04|00|00|00|00|00|00|00|22|00|04|00|00|00|00|00|00|00|23|00|04|00|00|00|00|00|00|00|24|00|01|00|00|00|00|25|00|02|00|00|00|00|00|26|00|01|00|00|00|00|00|

+---------+---------------+----------+
12:13:28,704,639   ETHER
|0   |00|30|de|53|c9|10|fc|5c|ee|84|c3|d1|08|00|45|00|00|28|c4|ed|40|00|80|06|00|00|c0|a8|01|d2|c0|a8|01|11|4a|6d|2d|dc|41|3a|e8|d9|1f|5b|33|76|50|10|00|fd|84|4e|00|00|

+---------+---------------+----------+
12:13:28,858,946   ETHER
|0   |00|30|de|53|c9|10|fc|5c|ee|84|c3|d1|08|00|45|00|00|4c|c4|ee|40|00|80|06|00|00|c0|a8|01|d2|c0|a8|01|11|4a|6d|2d|dc|41|3a|e8|d9|1f|5b|33|76|50|18|00|fd|84|72|00|00|00|01|17|e8|24|00|00|00|c5|6b|40|40|00|43|2d|dc|c0|a8|01|11|00|00|ac|16|80|01|03|d2|02|80|f0|15|8e|55|01|00|

+---------+---------------+----------+
12:13:28,864,739   ETHER
|0   |00|30|de|53|c9|10|fc|5c|ee|84|c3|d1|08|00|45|00|00|84|c4|ef|40|00|80|06|00|00|c0|a8|01|d2|c0|a8|01|11|4a|6d|2d|dc|41|3a|e8|fd|1f|5b|33|76|50|18|00|fd|84|aa|00|00|00|01|17|e8|5c|00|00|00|c5|6b|40|40|00|43|2d|dc|c0|a8|01|11|00|00|ac|16|80|01|03|d2|01|81|f0|15|d2|85|03|00|8e|55|01|00|2c|00|00|00|51|67|8d|06|55|cd|10|00|02|00|14|00|86|0c|a3|8d|18|00|00|00|00|00|00|00|81|01|94|00|11|84|80|00|32|4b|be|62|18|84|80|00|01|00|01|00|19|02|01|00|

+---------+---------------+----------+
12:13:28,866,052   ETHER
|0   |fc|5c|ee|84|c3|d1|00|30|de|53|c9|10|08|00|45|00|00|28|d6|4d|40|00|40|06|e0|4e|c0|a8|01|11|c0|a8|01|d2|2d|dc|4a|6d|1f|5b|33|76|41|3a|e9|59|50|10|43|30|f2|c1|00|00|00|00|00|00|00|00|

+---------+---------------+----------+
12:13:28,867,770   ETHER
|0   |fc|5c|ee|84|c3|d1|00|30|de|53|c9|10|08|00|45|00|00|8c|d6|4e|40|00|40|06|df|e9|c0|a8|01|11|c0|a8|01|d2|2d|dc|4a|6d|1f|5b|33|76|41|3a|e9|59|50|18|43|30|b6|9b|00|00|00|01|17|e8|64|00|00|00|c5|73|40|40|00|34|4a|6d|c0|a8|01|d2|03|d2|2d|dc|7f|00|00|01|01|01|f0|15|8f|55|01|00|d2|85|03|00|34|00|00|00|54|bd|5b|dc|55|cd|10|00|82|00|14|00|86|0c|a3|8d|20|00|00|00|00|00|00|00|82|01|94|00|13|0a|00|00|01|00|00|00|11|00|00|00|1b|84|80|00|ef|46|02|00|32|84|80|00|01|00|00|00|

